27 84 1
491 67 1
150 73 1
398 188 1
95 3 1
339 163 1
183 396 1
289 169 1
204 355 1
374 178 1
164 165 1
14 250 1
241 442 1
111 199 1
203 425 1
297 467 1
292 147 1
158 11 1
58 497 1
464 415 1
40 434 1
30 278 1
493 245 1
73 298 1
412 401 1
135 448 1
322 324 1
340 463 1
80 90 1
441 104 1
299 408 1
295 435 1
269 108 1
79 368 1
37 397 1
225 168 1
118 379 1
192 420 1
472 362 1
417 197 1
99 301 1
87 167 1
448 394 1
108 339 1
446 246 1
102 52 1
413 352 1
280 66 1
490 10 1
279 15 1
361 192 1
484 400 1
162 270 1
355 427 1
414 331 1
121 439 1
399 320 1
372 228 1
463 375 1
462 204 1
492 173 1
129 370 1
106 404 1
153 58 1
345 153 1
410 256 1
232 196 1
443 252 1
449 431 1
306 211 1
291 407 1
460 273 1
190 461 1
496 238 1
495 25 1
101 365 1
466 225 1
89 2 1
498 490 1
117 466 1
136 473 1
75 124 1
268 235 1
124 138 1
52 247 1
485 59 1
15 465 1
494 212 1
320 333 1
251 353 1
90 377 1
188 44 1
333 36 1
365 288 1
132 311 1
429 471 1
426 453 1
149 1 1
107 149 1
151 341 1
373 367 1
82 378 1
61 23 1
86 468 1
42 413 1
33 134 1
49 177 1
36 492 1
1 257 1
351 65 1
406 156 1
433 55 1
71 314 1
274 477 1
354 207 1
439 242 1
35 174 1
138 182 1
244 12 1
60 329 1
386 175 1
371 284 1
53 386 1
240 429 1
346 122 1
479 499 1
305 72 1
338 249 1
394 433 1
159 34 1
489 223 1
353 180 1
331 318 1
171 312 1
217 376 1
174 350 1
78 198 1
83 291 1
218 201 1
478 323 1
261 395 1
334 40 1
47 95 1
167 191 1
44 267 1
12 77 1
381 472 1
437 282 1
130 135 1
304 269 1
318 70 1
142 98 1
69 31 1
227 403 1
411 48 1
454 214 1
74 364 1
220 469 1
480 74 1
131 41 1
309 121 1
277 489 1
366 289 1
432 295 1
168 441 1
301 224 1
8 371 1
335 373 1
116 115 1
92 343 1
184 287 1
155 299 1
239 481 1
250 96 1
337 348 1
127 416 1
32 93 1
175 71 1
403 136 1
216 296 1
452 412 1
123 240 1
28 202 1
209 274 1
456 307 1
214 161 1
193 64 1
393 28 1
68 102 1
76 279 1
54 94 1
275 438 1
97 326 1
88 317 1
103 262 1
173 16 1
13 216 1
395 398 1
391 457 1
181 145 1
96 411 1
186 89 1
31 184 1
260 203 1
256 310 1
416 236 1
422 103 1
48 346 1
197 286 1
16 493 1
497 29 1
300 100 1
347 118 1
189 63 1
471 61 1
486 51 1
234 13 1
59 462 1
0 391 1
236 132 1
166 137 1
23 193 1
423 229 1
125 450 1
390 342 1
364 60 1
287 85 1
303 146 1
401 366 1
314 452 1
440 106 1
19 255 1
342 79 1
161 62 1
367 232 1
196 133 1
63 234 1
270 162 1
65 24 1
4 277 1
157 143 1
389 206 1
139 300 1
363 43 1
141 170 1
487 7 1
242 76 1
267 35 1
290 421 1
324 293 1
39 358 1
360 26 1
7 390 1
453 50 1
3 406 1
200 243 1
408 456 1
265 385 1
114 217 1
317 387 1
278 359 1
213 264 1
119 261 1
50 91 1
156 319 1
253 495 1
180 475 1
428 241 1
475 248 1
362 107 1
46 195 1
332 260 1
385 27 1
296 306 1
370 176 1
146 389 1
308 8 1
286 268 1
473 56 1
226 321 1
392 92 1
5 430 1
160 18 1
302 280 1
263 351 1
396 141 1
442 112 1
352 5 1
10 37 1
243 330 1
430 120 1
298 233 1
20 356 1
368 393 1
51 116 1
55 381 1
483 21 1
9 372 1
445 187 1
237 45 1
477 144 1
222 316 1
229 383 1
43 464 1
179 39 1
276 129 1
126 142 1
262 38 1
404 130 1
415 374 1
84 436 1
206 422 1
176 189 1
424 315 1
144 139 1
427 384 1
451 332 1
120 251 1
93 380 1
444 496 1
312 454 1
252 432 1
231 99 1
235 219 1
133 354 1
147 447 1
6 349 1
425 68 1
72 388 1
282 259 1
271 361 1
272 357 1
254 209 1
56 484 1
70 476 1
356 276 1
219 281 1
11 87 1
461 81 1
257 305 1
223 101 1
431 109 1
284 423 1
94 126 1
249 290 1
98 482 1
38 69 1
465 213 1
316 297 1
400 402 1
205 78 1
402 159 1
259 322 1
210 33 1
481 486 1
207 210 1
474 363 1
369 328 1
137 275 1
469 155 1
375 114 1
470 172 1
438 20 1
319 183 1
459 57 1
384 160 1
258 444 1
211 449 1
208 443 1
407 215 1
380 22 1
281 186 1
115 470 1
245 117 1
212 127 1
420 6 1
64 337 1
379 222 1
283 460 1
34 292 1
447 308 1
29 83 1
315 304 1
482 494 1
359 46 1
357 458 1
409 392 1
246 382 1
313 428 1
383 445 1
134 205 1
148 53 1
325 230 1
388 151 1
323 303 1
177 82 1
499 488 1
199 272 1
285 440 1
21 455 1
328 179 1
67 244 1
467 80 1
434 360 1
201 111 1
348 231 1
307 185 1
45 424 1
112 190 1
165 227 1
202 208 1
326 414 1
145 128 1
81 220 1
330 263 1
436 0 1
294 405 1
2 166 1
187 409 1
344 200 1
377 9 1
57 419 1
113 258 1
26 480 1
17 325 1
336 154 1
238 338 1
25 49 1
457 491 1
128 347 1
455 148 1
247 335 1
387 265 1
152 334 1
85 125 1
122 344 1
476 498 1
109 410 1
104 17 1
195 140 1
105 110 1
421 418 1
397 54 1
329 336 1
185 42 1
77 157 1
215 47 1
191 485 1
62 483 1
343 271 1
488 459 1
458 327 1
18 437 1
378 426 1
376 123 1
22 226 1
194 158 1
341 417 1
91 399 1
450 309 1
288 340 1
110 119 1
349 285 1
350 253 1
255 302 1
41 451 1
358 479 1
405 131 1
230 218 1
170 266 1
435 474 1
311 105 1
266 345 1
273 283 1
310 478 1
172 32 1
163 369 1
178 181 1
143 19 1
224 152 1
233 75 1
321 237 1
327 294 1
100 487 1
221 88 1
66 194 1
293 30 1
182 239 1
24 171 1
198 150 1
228 86 1
264 313 1
140 221 1
418 446 1
154 14 1
419 164 1
468 113 1
382 97 1
169 4 1
248 254 1
