26 40 1
14 5 1
52 54 1
54 48 1
23 85 1
38 60 1
40 27 1
81 29 1
67 20 1
94 1 1
13 98 1
16 97 1
51 93 1
29 80 1
82 70 1
39 49 1
72 88 1
36 35 1
35 89 1
9 16 1
99 24 1
42 39 1
97 2 1
76 3 1
47 65 1
2 87 1
59 53 1
91 84 1
78 14 1
93 7 1
92 63 1
10 75 1
33 58 1
63 38 1
0 37 1
66 91 1
28 4 1
6 41 1
1 95 1
50 83 1
31 10 1
44 18 1
75 32 1
57 19 1
12 17 1
22 71 1
64 42 1
58 79 1
86 92 1
96 57 1
69 15 1
41 82 1
77 9 1
79 26 1
98 13 1
71 72 1
85 30 1
20 12 1
65 28 1
68 25 1
45 61 1
70 68 1
34 11 1
30 0 1
32 90 1
88 8 1
46 67 1
27 96 1
37 33 1
21 52 1
25 51 1
87 47 1
48 59 1
56 76 1
83 6 1
17 74 1
49 73 1
15 43 1
89 31 1
53 34 1
4 86 1
8 62 1
7 99 1
11 21 1
62 81 1
60 23 1
90 78 1
18 56 1
95 46 1
73 36 1
80 77 1
3 94 1
5 55 1
43 66 1
19 64 1
84 69 1
55 44 1
24 45 1
61 50 1
74 22 1
